--- First line fromm annotations.txt-----
having all frames 
140180.jpg l-pass 620 398 35 101 standing
 626 356 30 97 standing 811 359 43 122 standing
  945 438 54 139 standing 982 399 43 141 standing 
  622 444 50 135 standing 458 407 52 135 standing
   197 451 52 148 standing 289 428 97 163 digging
    283 383 48 118 standing 311 339 80 112 standing 
    141 383 67 120 standing


------- volleyball_tracking_annotation_player ----
having players annotations for each clip, we have
20 frames for each player:
0 163 376 230 504 140170 0 0 0 standing 
0 160 376 227 504 140171 0 0 1 standing 
0 157 376 224 504 140172 0 0 1 standing 
0 154 376 221 504 140173 0 0 1 standing 
0 152 377 219 505 140174 0 0 1 standing 
0 149 377 216 505 140175 0 0 1 standing 
0 146 377 213 505 140176 0 0 1 standing 
0 144 378 211 506 140177 0 0 1 standing 
0 141 378 208 506 140178 0 0 1 standing 
0 138 378 205 506 140179 0 0 1 standing 
0 136 379 203 507 140180 0 0 0 standing 
0 135 378 202 507 140181 0 0 1 standing 
0 135 377 202 507 140182 0 0 1 standing 
0 134 376 202 507 140183 0 0 1 standing 
0 134 375 201 507 140184 0 0 1 standing 
0 133 375 201 507 140185 0 0 1 standing 
0 133 374 201 507 140186 0 0 1 standing 
0 132 373 200 507 140187 0 0 1 standing 
0 132 372 200 507 140188 0 0 1 standing 
0 131 371 200 507 140189 0 0 1 standing 


---- person_detections --
140180.jpg	11	306	343	83	113	0.999150395393000	person	458	399	54	144	0.998952746391000	person	138	383	69	125	0.998897552490000	person	291	443	91	154	0.998736917973000	person	952	435	51	143	0.998298108578000	person	621	435	53	152	0.997973859310000	person	196	449	55	155	0.996852219105000	person	985	395	48	150	0.996222376823000	person	805	364	54	123	0.989944458008000	person	624	373	38	116	0.980730414391000	person	277	377	50	108	0.973173737526000	person
140181.jpg	11	272	437	125	153	0.999391674995000	person	443	394	61	150	0.998789489269000	person	982	398	62	147	0.998565614223000	person	190	447	55	158	0.998457789421000	person	620	436	57	147	0.998028337955000	person	949	437	52	141	0.997948706150000	person	136	381	72	119	0.997834384441000	person	289	353	89	102	0.994955241680000	person	615	393	47	119	0.992284536362000	person	810	357	49	131	0.991766512394000	person	624	354	34	99	0.978066682816000	person


---- action_detections -- 
140180.jpg	12	298	444	100	144	0.964718222618000	digging	140	385	67	120	0.998739063740000	standing	457	401	55	145	0.998365700245000	standing	622	441	53	148	0.998034656048000	standing	196	448	54	159	0.997998058796000	standing	948	445	51	136	0.996532559395000	standing	303	347	86	113	0.994066119194000	standing	978	396	58	147	0.993210136890000	standing	612	396	41	117	0.992300868034000	standing	815	358	48	130	0.989466369152000	standing	625	357	37	108	0.984318912029000	standing	273	387	67	117	0.889486432076000	standing
140181.jpg	9	139	384	67	118	0.998678267002000	standing	190	446	54	159	0.998641312122000	standing	618	430	56	140	0.997918069363000	standing	460	398	50	146	0.997818231583000	standing	980	398	56	146	0.997528254986000	standing	950	436	51	142	0.995684742928000	standing	810	357	49	126	0.992846071720000	standing	618	382	43	117	0.988887250423000	standing	282	364	87	118	0.986687600613000	standing